[иeеu][шwщ][уy]\s*[лl][ю][дd][eе3][йuи]\s*[дd][лl][я]\s*[дd][оo0][пnh]\s*[зz3э][aа@][pр][aа@][bб6][оo0][тt][кk][aа@]
[н][aа@]\s*[уy][дd][aа@][лl][eе3][н][н][оo0][йuи]\s*[оo0][cс][н][оo0][вbv][eе3]\s*[вbv]\s*[cс][вbv][оo0][bб6][оo0][дd][н][оo0][eе3]\s*[вbv][pр][eе3][мm][я]
[вbv][cс][eе3]\s*[пnh][оo0][дd][pр][оo0][bб6][н][оo0][cс][тt][иeеu]\s*[вbv]\s*[лl][иeеu][ч4][н][ы][eе3]\s*[cс][оo0][оo0][bб6][шwщ][eе3][н][иeеu][я]
[иeеu][шwщ][eе3][мm]\s*[cс][оo0][тt][pр][уy][дd][н][иeеu][кk][оo0][вbv]\s*[н][aа@]\s*[дd][оo0][лl][жg][н][оo0][cс][тt][ь]
[pр][aа@][bб6][оo0][тt][aа@]\s*[пnh][оo0][лl][н][оo0][cс][тt][ь][ю]\s*[лl][eе3][гr][aа@][лl][ь][н][aа@][я]
[pр][aа@][bб6][оo0][тt][aа@][eе3][мm]\s*[cс][оo0]\s*[вbv][cс][eе3][мm][иeеu]\s*[гr][оo0][pр][оo0][дd][aа@][мm][иeеu]\s*[pр][ф]
⁠[оo0][пnh][лl][aа@][тt][aа@]\s*[пnh][оo0]\s*[вbv][ы][пnh][оo0][лl][н][eе3][н][иeеu][ю]\s*[зz3э][aа@][кk][aа@][зz3э][aа@]
[кk][оo0][мm][уy]\s*[иeеu][н][тt][eе3][pр][eе3][cс][eе3][н]\s*[xх][оo0][pр][оo0][шwщ][иeеu][йuи]\s*[дd][оo0][пnh][оo0][лl][н][иeеu][тt][eе3][лl][ь][н][ы][йuи]\s*[зz3э][aа@][pр][aа@][bб6][оo0][тt][оo0][кk]
[кk][оo0][мm][уy]\s*[иeеu][н][тt][eе3][pр][eе3][cс][eе3][н]\s*[xх][оo0][pр][оo0][шwщ][иeеu][йuи]\s*[дd][оo0][пnh]\.\s*[зz3э][aа@][pр][aа@][bб6][оo0][тt][оo0][кk]
[кk][оo0][мm][уy]\s*[иeеu][н][тt][eе3][pр][eе3][cс][eе3][н]\s*[xх][оo0][pр][оo0][шwщ][иeеu][йuи]\s*[дd][оo0][пnh]\s*[зz3э][aа@][pр][aа@][bб6][оo0][тt][оo0][кk]
[дd][оo0][пnh][оo0][лl][н][иeеu][тt][eе3][лl][ь][н][ы][йuи]\s*[зz3э][aа@][pр][aа@][bб6][оo0][тt][оo0][кk]\s*[вbv]\s*[cс][вbv][оo0][bб6][оo0][дd][н][оo0][eе3]\s*[вbv][pр][eе3][мm][я]
"[оo0][тt]\s*18\s*[лl][eе3][тt],\s*[ч4][aа@][cс][тt][иeеu][ч4][н][aа@][я]\s*[зz3э][aа@][н][я][тt][оo0][cс][тt][ь]"
[иeеu][шwщ][eе3][мm]\s*[зz3э][aа@][иeеu][н][тt][eе3][pр][eе3][cс][оo0][вbv][aа@][н][н][ы][xх]\s*[вbv]\s*[дd][оo0][пnh]\.\s*[пnh][pр][иeеu][bб6][ы][лl][иeеu]
[мm][иeеu][н][иeеu][мm][уy][мm]\s*[зz3э][aа@][тt][pр][aа@][тt]\s*[пnh][оo0]\s*[вbv][pр][eе3][мm][eе3][н][иeеu]
[зz3э][aа@]\s*[пnh][оo0][дd][pр][оo0][bб6][н][оo0][cс][тt][я][мm][иeеu]\s*[вbv]\s*[лl][cс]
[зz3э][aа@]\s*[пnh][оo0][дd][pр][оo0][bб6][н][оo0][cс][тt][я][мm][иeеu]\s*[вbv]\s*[лl][иeеu][ч4][н][ы][eе3]
[зz3э][aа@]\s*[пnh][оo0][дd][pр][оo0][bб6][н][оo0][cс][тt][я][мm][иeеu]\s*[вbv]\s*[лl][иeеu][ч4][кk][уy]
[иeеu][шwщ][уy]\s*[лl][ю][дd][eе3][йuи]\s*[вbv]\s*[кk][оo0][мm][aа@][н][дd][уy]\s*[дd][лl][я]\s*[зz3э][aа@][pр][aа@][bб6][оo0][тt][кk][aа@]
[н][aа@]\s*[дd][иeеu][cс][тt][aа@][н][ц][иeеu][оo0][н][н][оo0][мm]\s*[ф][оo0][pр][мm][aа@][тt][eе3]\s*[вbv]\s*[cс][вbv][оo0][bб6][оo0][дd][н][оo0][eе3]\s*[вbv][pр][eе3][мm][я]
[зz3э][aа@]\s*[дd][eе3][тt][aа@][лl][я][мm][иeеu]\s*[вbv]\s*[лl][иeеu][ч4][кk][уy]
[зz3э][aа@]\s*[дd][eе3][тt][aа@][лl][я][мm][иeеu]\s*[вbv]\s*[лl][cс]
